55060475 21.5
921634 22
975714 30
913389 25
909518 30
986396 32
913284 24
740743 28
982410 30
915102 3
907797 31.5
923649 30
1006202 24
913007 27
921567 19
903502 26.5
917425 33
??997489 31.5
1004993 0
914160 22.5
905086 21.5
913240 27.5
917281 24
915052 32.5
917270 18
911597 26
915497 25.5
908407 25
916782 29
923868 13
906013 29
910216 5.5
982047 29.5
932215 14
995864 12.5
905774 30.5
903259 30
1003771 29.5
912225 24
924141 26.5
918621 20
919003 32.5
917497 26.5
1005872 20.5
994709 31
970080 33.5
912451 30
906178 0
??670121 26
916605 24.5
907921 24.5
972309 13
913177 7
1005611 25
932314 14.5
911623 24
916120 23
917309 32
905083 20
912715 23
977576 32
917141 35
904337 20.5
924787 25
977439 28.5
913351 31
917261 24.5
0262790 8
922603 28.5
906642 30.5
907440 27
922408 21.5
911458 26
912920 32.5
910946 14.5
930342 0
983848 32.5
918160 28
910537 27
954512 32.5
909759 32.5
932505 25
907788 32
911719 32.5
911353 26
917099 22.5
913651 34
910480 22
921748 26
919368 26.5
917089 30
908833 34.5
919556 30.5
916202 31
914037 17
928416 1.5
350186 22.5
913363 0
923429 29.5
923545 32
946441 0
908689 28.5
995344 24.5
925626 0
919077 30
915056 15
907187 27
910572 27
912219 30
905708 29.5
908637 15.5
917884 32.5
