5 5 5 5 5
1 16.25 2 5 1 0
2 20.0 4 5 2 0
3 18.36 2 5 1 4 0
4 19.56 3 4 5 1 0
5 15.78 5 2 1 3 0
6 12.78 1 2 0
7 15.76 3 1 5 2 0
8 17.50 4 5 3 0
9 15.67 1 3 5 0
10 19.12 1 3 5 0
11 15.45 1 2 3 4 5 0
12 16.34 3 2 4 5 0
13 19.67 5 4 1 3 0
14 18.23 3 2 4 1 0
15 12.80 1 5 3 0
16 10.67 1 4 2 0
17 17.06 3 5 1 4 0
18 18.56 5 2 3 1 0
19 10.50 5 4 0
20 19.05 5 1 0
21 16.45 4 3 2 0
22 15.78 4 3 0
23 12.67 5 4 2 0
24 18.23 2 1 5 0
25 13.45 5 4 0
26 16.12 4 5 0
27 17.23 4 3 5 2 1 0
28 16.78 5 4 3 0
29 13.47 2 4 0
30 19.30 1 3 5 0
